 4.59133678e-01
-2.17332755e+00
 2.30770915e+00
-1.71953324e+00
 1.60630991e+00
 9.39804456e-01
-1.64590078e+00
 2.86705078e-01
-3.16293357e-01
-3.12460756e-01
 1.98414041e-01
-4.86690276e-01
-1.88752023e-01
 9.48717627e-02
-1.04740688e-01
-5.14309967e-01
 5.47868382e-01
 1.59361936e+00
-5.04020389e-01
 3.96963085e-01
 8.73347231e-01
-2.95883610e+00
 4.10577393e-01
 2.69905046e-01
 6.74704595e-01
-3.18803257e+00
 5.34455706e+00
-4.53445637e-01
-1.03458159e-01
 6.15680850e-02
-7.95024611e-04
-2.15909252e-01
 2.31425509e-01
-1.08068906e-01
-1.24558479e+00
 1.58291755e+00
 3.68090004e+00
-3.57127190e-01
 5.40127010e-02
-1.45692712e+00
 1.67973391e+00
 1.81038229e+00
-5.14310272e-01
 1.08751438e+00
-6.69671968e-01
 5.28812673e+00
-1.47366567e-01
-1.37608270e+00
-9.84453458e-02
 1.51910653e+00
 1.62772809e+00
-2.47287276e-01
 2.43233167e+00
-3.61965498e-02
-8.25046882e+00
 4.91471017e-01
 1.57701170e+00
 2.21553849e+00
-2.65222891e+00
-4.42797666e+00
 5.53796645e-01
-2.11019968e+00
 5.78977643e-01
-6.70829497e-01
 6.61288215e-01
-8.12214554e-02
-1.51255120e-02
-4.06952200e-02
-1.62856706e+00
 9.23796432e-01
-9.44684165e-01
 2.62472507e+00
-4.06786209e-01
 9.06602354e-02
-1.36386370e+00
 1.16134726e+00
-1.13405516e+00
-1.92749241e+00
 3.07347731e+00
 2.78483509e+00
-2.47584403e+00
 1.13533322e-01
 9.00573628e-01
-2.18199085e-01
 3.96068116e-01
 1.62647881e+00
 2.12175557e+00
-2.92806195e+00
 2.82970579e+00
 1.01381772e+01
-1.09157275e-01
-1.71053426e-02
-1.22581692e-01
 3.07571163e-02
 4.94962129e-02
-4.21836678e-02
-7.28939105e-02
-1.07766066e-01
-4.42127058e-02
-2.26554332e-01
-4.39838858e-01
 7.23178836e-01
-2.63314244e-01
 6.95237030e-02
-2.01308526e-03
 7.18450776e-01
-2.42634119e+00
 1.24568732e+00
 2.79483166e-01
 6.54644475e-02
-4.14021370e-01
-7.31389360e-03
 5.05857702e-01
-5.31923684e-01
-6.53014803e-02
-1.60457810e-01
 7.43288888e-01
 5.51948857e-01
 1.81243209e-01
-4.30835469e-01
 1.31402783e-01
 1.87505102e-01
-3.18254695e-01
 8.79531762e-02
 2.14658427e+00
-3.29039882e+00
-9.04729654e-02
-2.28208584e-01
 6.71621185e-02
 8.77903102e-02
 1.39401638e-01
 1.32728892e-01
 8.92394981e-02
-1.03978308e-01
-4.18615922e-02
 4.18955218e-01
-1.30894428e+00
 7.39941183e-01
-8.04329730e-02
-4.52977011e-01
-2.25935840e-01
 4.92892832e-01
 8.76276003e-01
 2.81376991e+00
-5.71131553e-02
 5.51105942e-01
-1.08186532e-01
 1.25395662e-01
-3.47750544e-01
 7.80651888e-02
-4.97500362e-01
 1.72236032e-03
 1.59634765e-01
 1.90854488e-01
-2.58634494e-01
-6.58562875e-02
-7.49684103e-02
 9.74854988e-02
 9.17740719e-03
 2.57202999e-01
 5.63463011e-02
-2.44703236e-01
 7.17420236e-01
-1.75646152e-01
-1.14292119e+00
 2.04247774e+00
-7.20269854e-01
 4.57407981e-01
-1.83772919e-01
 2.00700151e+00
-3.11480028e+00
 6.54175530e-02
-1.25139840e-01
 1.24901507e+00
-1.55119560e+00
 1.58217273e+00
 1.19159336e+00
-3.09232836e+00
-2.63257545e+00
 4.77994595e+00
 3.43058636e-01
-8.10451695e-01
 1.23459264e+00
-1.79815020e+00
-3.79592441e-01
 1.62561241e+00
-2.05154115e+00
-2.28121225e+00
 4.27030229e+00
-2.88378902e-01
 1.51094770e+00
-8.04609137e-01
 7.49369300e-02
 4.85597399e-01
-2.26840663e-02
-4.89479004e-01
-1.01132191e+00
-2.79408220e+00
27.148398193106402
