23.302537049714616
23.311249709743063
23.3188955134415
23.324051985703235
23.326363507751598
23.327608173469947
23.32831941102329
23.328141601634957
23.32497659452258
1.7655728125402081
1.7651569065025916
1.7648306784653438
1.764528402505173
1.7642439074838354
1.763977193401332
1.763728260257662
1.7634437652363248
1.763141489276154
0.4969256756756775
0.49639402560455365
0.4961255334281666
0.49612019914651645
0.4963389046941693
0.49664651493599005
0.49682432432432566
0.4966838549075403
0.4959690611664308
0.21878022759601615
0.2185206258890461
0.21824679943100916
0.21802987197723964
0.2179658605974388
0.21811877667140758
0.2182307965860591
0.2182165718349922
0.2180298719772398
4.3961593172119375
4.391767425320045
4.391002844950202
4.38805120910383
4.382894736842094
4.383499288762437
4.385935277382636
4.3857219061166335
4.375960170697001
17.509228307254602
17.49601706970126
17.494807965860574
17.496870554765273
17.511699857752472
17.53282361308675
17.550071123755316
17.55762802275958
17.55391180654337
21.89448790896158
21.876582503556175
21.874786628733986
21.873204125177796
21.883108108108093
21.90469416785205
21.924217638691307
21.93188122332858
21.918545519203402
27.451600284494972
27.492923186344193
27.52994310099569
27.562499999999954
27.572617354196254
27.572368421052584
27.57448435277379
27.586450924608783
27.598097439544773
53.02275960170697
52.95323613086771
52.89633712660029
52.84068278805121
52.8077880512091
52.78876244665718
52.778093883357045
52.772226173541966
52.771159317211946
27.39402560455192
27.336059743954483
27.290896159317214
27.24875533428165
27.216749644381224
27.198079658605973
27.188477951635846
27.176031294452347
27.156650071123757
0.15302275960170725
0.1530583214793744
0.15291607396870582
0.15160028449502164
0.15152916073968734
0.15128022759601736
0.15035561877667172
0.14879089615931748
0.14875533428165036
67.28716216216216
67.2524893314367
67.2195945945946
67.19310099573258
67.17407539118065
67.16002844950214
67.14687055476529
67.13549075391181
67.12784495021337
2.9675497866287346
2.9658072546230443
2.964509246088193
2.9629623044096736
2.962073257467995
2.9627311522048387
2.9638691322901867
2.9639580369843546
2.961824324324326
1.959690611664253
1.9590149359885776
1.958392603129402
1.957894736842063
1.9575213371265583
1.957343527738223
1.9571123755333864
1.9567923186343825
1.9563122332858762
200.28399715504986
200.46909672830733
200.69509246088202
200.91130867709822
201.06436699857755
201.14925320056906
201.1693990042675
200.97967638691327
200.9651315789474
195.35188477951633
195.57379089615927
195.81808321479372
196.0624288762446
196.19992887624466
196.19471906116635
196.24432788051203
196.14617709815073
196.20254267425312
2.0755334281650155
2.0789473684210606
2.081774537695598
2.0835704125177883
2.0847972972973046
2.0865931721194952
2.0885846372688546
2.0886913229018558
2.089100284495028
1.3378200568990033
1.3399893314366988
1.3418563300142239
1.3432788051209095
1.3438477951635834
1.3442211948790885
1.345163584637268
1.3456970128022752
1.3458392603129437
0.38840413965305615
0.38780413060217317
0.38746631028762474
0.3873820470714894
0.38756336945550995
0.38785653666242226
0.38801792733694507
0.3877989885441559
0.3868619582492793
3783.8573968705546
3773.8703769559033
3764.1915007112375
3754.612731152205
3746.1463371266004
3739.4807965860596
3734.6173541963017
3731.6481152204838
3730.4176742532004
1104.5775248933144
1099.5825035561877
1095.075746799431
1090.547119487909
1086.8853129445235
1083.7766714082504
1081.6575391180654
1079.177453769559
1076.3515291607396
47606.9368029872
47713.733389046945
47813.92339438123
47905.08078413941
47968.79726529161
47971.15716749645
47984.22882467995
47947.02327702703
47974.51171941679
6.98454468334587
6.987763359987852
6.990433436743843
6.992828528999305
6.99494560587795
6.997289191355111
6.999390079454371
7.001392310338218
7.00469388135129
0.14089880311058794
0.14083399222972015
0.14078328784446825
0.14067583522145516
0.1404899320313137
0.14022537448179942
0.1399072384994236
0.1395913629878498
0.13935244799084157
0.2763256374611026
0.27615690659923364
0.2759529188142407
0.2756694756503999
0.27548628866638974
0.275394826250768
0.27529800303522806
0.2750021511276383
0.2742316041724564
0.20010978155268475
0.19995202643313012
0.19966531092640483
0.19926731501817058
0.1991767058247001
0.1992430986261238
0.19932179480714282
0.19927866550337084
0.19914154802280162
6.666831780451916
6.663529547990876
6.662687828037242
6.661523521929909
6.650547770379717
6.645717141007228
6.647208173955489
6.651098095802632
6.6444156412138256
10.332339980643999
10.329314362682414
10.320998154963426
10.306394707008211
10.312639586100941
10.319276014385252
10.325542153469877
10.328876444836531
10.325780083952559
14.581092886306596
14.575226855660741
14.566871751395919
14.552757873022767
14.544374607710877
14.54777847222305
14.557955385272198
14.572791450415401
14.573302573009414
21.13267496576443
21.13956500993289
21.14053765705115
21.138626982851285
21.131767742978756
21.128097869150217
21.122263761385017
21.116682575499183
21.116523860490947
31.18404016624646
31.14201599486573
31.083259470336888
31.023780776120052
30.943236066468117
30.867901709323558
30.80730692929604
30.769144608016216
30.750974270267054
18.818737632223662
18.77025149621443
18.715841782319067
18.656163920280136
18.604672846884366
18.548345864048756
18.50524806079297
18.456456237655807
18.408364568186737
1.6291850918459048
1.6295331451479926
1.62952904123511
1.6271077586165879
1.6271056414239262
1.6270217089040193
1.624972879123787
1.6213925807153242
1.6213892638646057
12.536271933674726
12.540315251440243
12.539906431896146
12.533995680131849
12.52583801985237
12.51897545784504
12.510839432002314
12.505253206576151
12.501515409427533
1.6462362692539017
1.64467732457381
1.642012437379527
1.6352608559058364
1.6317779219818673
1.6301954067775155
1.630092316875491
1.630307520913889
1.6272742965704305
0.383128327553786
0.3829405724077515
0.38268996926606286
0.38234264088159425
0.38208500191873274
0.38190227060480497
0.38172036662503034
0.3814139798293674
0.3810910993203653
98.27430188171562
98.35498152793524
98.38259168405173
98.37624651568561
98.4209705265755
98.3956319872946
98.39350846344946
98.41938134478757
98.4396591251409
97.1832182842173
97.28630789351745
97.30982314476448
97.28620029216319
97.33645347067122
97.35907446153371
97.32621743089577
97.3329362898686
97.36053598647992
2.265149464847757
2.265081718952226
2.2651529379986526
2.2656599772839767
2.2652945544389786
2.264944408377447
2.2646138001631106
2.2647525200923795
2.2647305791015127
1.4604972502459872
1.460622078504954
1.4612045039634365
1.4614064244234006
1.461290906003593
1.460984548686115
1.4607092414905951
1.460557524965132
1.4604593237975252
0.3427724219163424
0.3425561987729329
0.34233487640411153
0.3420102044918269
0.341726906321531
0.34164847381000507
0.34150133116708997
0.3410377698311552
0.3398533248439183
4716.904574907382
4700.800456724818
4685.2048347982745
4661.623860044975
4627.290872386117
4593.48069694611
4568.769484813154
4552.5825889410935
4544.501890696698
1555.7924906175392
1546.5032288333557
1536.9446482093385
1524.4558090619153
1512.4386087858782
1498.5009588473063
1486.7940900301999
1473.912609819015
1461.167907040532
35835.47443601651
35883.2292806367
35912.753074260196
35930.13584770913
35961.97042851065
35975.136890915965
35972.79249762569
35967.9472254769
35990.26413768175
